VARS   INDEX X_AXIS Y_AXIS DX DY X_PPM Y_PPM X_HZ Y_HZ XW YW XW_HZ YW_HZ X1 X3 Y1 Y3 HEIGHT DHEIGHT VOL PCHI2 TYPE ASS CLUSTID MEMCNT
FORMAT %5d %9.3f %9.3f %6.3f %6.3f %8.3f %8.3f %9.3f %9.3f %7.3f %7.3f %8.3f %8.3f %4d %4d %4d %4d %+e %+e %+e %.5f %d %s %4d %4d

NULLVALUE -666
NULLSTRING *

    1   879.874    56.704  0.004  0.019    7.801  134.158  4681.411  8159.197   4.180   5.057    8.562   10.512  877  883   53   60 +3.904159e+01 +2.463079e-02 +1.128407e+03 0.00000 1 None    1    2
    2   883.567    56.722  0.005  0.018    7.788  134.157  4673.846  8159.157   3.688   4.959    7.553   10.308  881  886   53   60 +3.958245e+01 +2.529400e-02 +9.474497e+02 0.00000 1 None    1    2
    3   126.903   145.176  0.007  0.025   10.370  131.134  6223.616  7975.291   4.382   5.005    8.976   10.403  124  130  142  148 +2.378438e+01 +2.448844e-02 +6.581177e+02 0.00000 1 None    2    2
    4   131.288   145.171  0.008  0.022   10.355  131.134  6214.634  7975.302   4.349   4.958    8.908   10.306  128  134  142  148 +2.672789e+01 +2.467617e-02 +7.136790e+02 0.00000 1 None    2    2
    5    88.656   152.933  0.002  0.007   10.501  130.869  6301.951  7959.167   3.550   4.857    7.272   10.097   86   92  150  156 +7.320544e+01 +2.495911e-02 +1.467190e+03 0.00000 1 None    3    1
    6   431.294   218.392  0.006  0.031    9.332  128.631  5600.174  7823.099   3.892   5.137    7.971   10.678  429  434  215  222 +2.961291e+01 +2.499361e-02 +7.696467e+02 0.00000 1 None    4    2
    7   435.159   218.395  0.005  0.028    9.318  128.631  5592.257  7823.093   4.083   5.056    8.362   10.509  432  438  215  222 +3.155186e+01 +2.478923e-02 +8.847534e+02 0.00000 1 None    4    2
    8   933.576   219.587  0.009  0.032    7.617  128.590  4571.420  7820.614   4.121   4.995    8.441   10.382  931  937  217  223 +2.889129e+01 +2.527434e-02 +7.469194e+02 0.00000 1 None    5    2
    9   938.289   219.545  0.006  0.033    7.601  128.592  4561.767  7820.703   3.796   4.995    7.775   10.382  935  940  217  223 +2.884465e+01 +2.512245e-02 +6.574525e+02 0.00000 1 None    5    2
   10   639.649   234.520  0.005  0.024    8.620  128.080  5173.429  7789.573   4.111   4.982    8.420   10.356  637  643  231  238 +4.103667e+01 +2.523010e-02 +1.153291e+03 0.00000 1 None    6    2
   11   643.700   234.513  0.003  0.024    8.607  128.080  5165.132  7789.588   3.372   5.087    6.907   10.575  642  646  231  238 +4.354422e+01 +2.531959e-02 +8.193221e+02 0.00000 1 None    6    2
   12   434.336   248.332  0.005  0.023    9.321  127.608  5593.942  7760.863   3.851   5.090    7.888   10.580  431  437  245  252 +3.598788e+01 +2.502295e-02 +9.887822e+02 0.00000 1 None    7    2
   13   437.714   248.345  0.004  0.021    9.310  127.608  5587.025  7760.837   3.646   5.004    7.468   10.401  435  440  245  252 +3.809193e+01 +2.499284e-02 +9.508292e+02 0.00000 1 None    7    2
   14   553.973   276.991  0.003  0.014    8.913  126.628  5348.907  7701.290   3.797   4.953    7.776   10.296  551  557  274  280 +3.614417e+01 +2.445140e-02 +8.982771e+02 0.00000 1 None    8    2
   15   558.632   276.995  0.004  0.013    8.897  126.628  5339.365  7701.282   3.532   4.888    7.233   10.161  557  561  274  280 +3.864593e+01 +2.501799e-02 +6.919969e+02 0.00000 1 None    8    2
   16   647.258   277.421  0.006  0.031    8.595  126.614  5157.845  7700.396   4.068   5.027    8.331   10.449  644  650  274  281 +2.910595e+01 +2.496012e-02 +7.868458e+02 0.00000 1 None    9    2
   17   651.631   277.414  0.007  0.030    8.580  126.614  5148.889  7700.412   3.896   5.064    7.980   10.527  649  655  274  281 +3.090183e+01 +2.519869e-02 +8.019517e+02 0.00000 1 None    9    2
   18   498.734   283.675  0.009  0.029    9.101  126.400  5462.046  7687.397   4.730   5.028    9.689   10.451  496  502  281  287 +2.715650e+01 +2.474903e-02 +7.706077e+02 0.00000 1 None   10    2
   19   503.032   283.671  0.005  0.028    9.087  126.400  5453.242  7687.405   4.142   5.011    8.483   10.416  500  506  281  287 +2.771154e+01 +2.462935e-02 +7.220073e+02 0.00000 1 None   10    2
   20   839.872   290.085  0.006  0.016    7.937  126.181  4763.341  7674.072   4.601   5.070    9.423   10.539  837  843  287  294 +3.374743e+01 +2.444440e-02 +1.017918e+03 0.00000 1 None   11    2
   21   843.873   290.087  0.004  0.015    7.923  126.181  4755.146  7674.067   4.031   5.065    8.257   10.529  841  847  287  294 +3.639303e+01 +2.448410e-02 +1.000618e+03 0.00000 1 None   11    2
   22   615.490   301.168  0.008  0.018    8.703  125.802  5222.911  7651.034   4.129   4.935    8.457   10.259  612  618  298  305 +3.352128e+01 +2.518321e-02 +8.759000e+02 0.00000 1 None   12    2
   23   619.799   301.176  0.004  0.018    8.688  125.802  5214.085  7651.017   3.760   5.042    7.701   10.481  617  623  298  305 +3.452922e+01 +2.464547e-02 +8.965038e+02 0.00000 1 None   12    2
   24  1009.483   304.140  0.007  0.014    7.358  125.701  4415.951  7644.857   4.144   4.925    8.487   10.236 1006 1012  301  308 +3.973782e+01 +2.514142e-02 +1.058447e+03 0.00000 1 None   13    2
   25  1013.023   304.153  0.004  0.016    7.346  125.700  4408.699  7644.830   4.139   4.999    8.476   10.391 1010 1015  301  308 +3.629840e+01 +2.446654e-02 +1.002137e+03 0.00000 1 None   13    2
   26   657.028   322.126  0.008  0.021    8.561  125.086  5137.835  7607.470   5.432   5.272   11.126   10.959  653  661  319  326 +2.918497e+01 +2.438379e-02 +1.002383e+03 0.00000 1 None   14    1
   27   499.257   332.572  0.006  0.036    9.100  124.729  5460.975  7585.756   3.879   5.210    7.945   10.830  496  502  329  336 +2.736389e+01 +2.497257e-02 +7.286990e+02 0.00000 1 None   15    2
   28   503.914   332.579  0.004  0.033    9.084  124.729  5451.436  7585.740   3.654   5.200    7.483   10.808  501  506  329  336 +2.893825e+01 +2.479283e-02 +6.975377e+02 0.00000 1 None   15    2
   29   719.242   353.812  0.005  0.019    8.349  124.003  5010.409  7541.604   3.949   4.964    8.087   10.319  716  722  351  357 +3.181537e+01 +2.468744e-02 +7.939091e+02 0.00000 1 None   16    2
   30   723.828   353.808  0.004  0.018    8.333  124.003  5001.018  7541.612   3.797   5.060    7.777   10.519  721  727  350  357 +3.569353e+01 +2.461272e-02 +9.088806e+02 0.00000 1 None   16    2
   31   788.823   353.580  0.003  0.022    8.111  124.011  4867.898  7542.086   3.674   5.047    7.525   10.491  786  792  350  357 +4.134724e+01 +2.490655e-02 +1.070753e+03 0.00000 1 None   17    2
   32   793.244   353.560  0.003  0.020    8.096  124.011  4858.843  7542.128   3.597   5.060    7.367   10.519  790  796  350  357 +4.684397e+01 +2.505249e-02 +1.161374e+03 0.00000 1 None   17    2
   33  1076.796   358.223  0.005  0.013    7.129  123.852  4278.083  7532.435   4.860   4.917    9.955   10.222 1074 1080  355  361 +4.943677e+01 +2.456761e-02 +1.210383e+03 0.00000 1 None   18    1
   34   723.616   366.545  0.039  0.055    8.334  123.568  5001.452  7515.137   7.457   5.392   15.274   11.208  719  728  363  370 +1.993959e+01 +2.481112e-02 +8.993167e+02 0.00000 1 None   19    1
   35   775.190   366.896  0.005  0.016    8.158  123.556  4895.819  7514.406   3.945   4.999    8.080   10.392  772  778  364  370 +3.300945e+01 +2.456684e-02 +8.376815e+02 0.00000 1 None   20    2
   36   779.663   366.896  0.005  0.015    8.143  123.556  4886.659  7514.406   3.882   4.974    7.950   10.340  777  783  364  370 +3.644196e+01 +2.483426e-02 +8.870096e+02 0.00000 1 None   20    2
   37   867.170   372.946  0.007  0.013    7.844  123.349  4707.431  7501.832   5.324   4.944   10.903   10.278  864  871  370  376 +3.749913e+01 +2.442773e-02 +1.243630e+03 0.00000 1 None   21    2
   38   869.573   372.968  0.007  0.013    7.836  123.348  4702.507  7501.785   4.221   4.913    8.644   10.212  867  873  370  377 +3.831979e+01 +2.492951e-02 +1.061030e+03 0.00000 1 None   21    2
   39   505.828   380.244  0.004  0.014    9.077  123.099  5447.515  7486.660   4.519   4.979    9.256   10.350  503  509  377  384 +4.700591e+01 +2.458299e-02 +1.182469e+03 0.00000 1 None   22    1
   40   474.238   390.569  0.004  0.019    9.185  122.747  5512.217  7465.197   4.436   4.990    9.085   10.372  471  477  387  394 +4.781949e+01 +2.490448e-02 +1.183621e+03 0.00000 1 None   23    1
   41   501.424   396.816  0.009  0.023    9.092  122.533  5456.536  7452.212   4.051   5.003    8.298   10.401  498  504  394  400 +2.775173e+01 +2.503826e-02 +6.955334e+02 0.00000 1 None   24    2
   42   505.880   396.790  0.004  0.022    9.077  122.534  5447.409  7452.266   3.746   5.107    7.672   10.615  503  508  394  400 +2.943024e+01 +2.457201e-02 +6.845840e+02 0.00000 1 None   24    2
   43   548.796   422.791  0.003  0.012    8.931  121.645  5359.511  7398.219   4.167   4.994    8.535   10.380  546  552  419  427 +5.162518e+01 +2.461513e-02 +1.269324e+03 0.00000 1 None   25    1
   44   741.666   423.852  0.005  0.012    8.272  121.609  4964.483  7396.014   4.362   5.055    8.935   10.507  739  745  420  428 +4.796575e+01 +2.473090e-02 +1.270574e+03 0.00000 1 None   26    1
   45   379.592   432.520  0.008  0.020    9.508  121.313  5706.067  7377.996   5.335   5.035   10.926   10.467  376  384  429  437 +5.154464e+01 +2.509182e-02 +1.599430e+03 0.00000 1 None   27    1
   46   749.897   435.196  0.003  0.013    8.244  121.221  4947.625  7372.433   4.086   4.974    8.368   10.340  747  753  432  439 +4.812570e+01 +2.452883e-02 +1.156680e+03 0.00000 1 None   28    1
   47   794.855   436.401  0.003  0.025    8.091  121.180  4855.543  7369.927   3.543   5.090    7.256   10.581  792  798  433  440 +3.537057e+01 +2.485146e-02 +9.081705e+02 0.00000 1 None   29    2
   48   799.240   436.394  0.003  0.022    8.076  121.180  4846.561  7369.942   3.512   5.045    7.192   10.487  797  801  433  440 +3.984972e+01 +2.499527e-02 +7.821405e+02 0.00000 1 None   29    2
   49   773.098   443.511  0.004  0.028    8.165  120.937  4900.104  7355.150   3.835   5.175    7.854   10.757  770  776  440  447 +3.753878e+01 +2.490834e-02 +1.050101e+03 0.00000 1 None   30    2
   50   776.782   443.511  0.003  0.026    8.152  120.937  4892.558  7355.148   3.566   5.223    7.304   10.858  774  780  440  447 +4.249115e+01 +2.506635e-02 +1.088381e+03 0.00000 1 None   30    2
   51   674.756   445.496  0.007  0.023    8.501  120.869  5101.525  7351.023   5.097   4.968   10.439   10.326  671  679  442  449 +4.247211e+01 +2.497356e-02 +1.246958e+03 0.00000 1 None   31    1
   52   658.995   447.451  0.006  0.031    8.554  120.802  5133.805  7346.959   4.645   5.062    9.513   10.523  656  662  444  451 +3.079238e+01 +2.477840e-02 +9.311901e+02 0.00000 1 None   32    2
   53   662.870   447.422  0.005  0.029    8.541  120.803  5125.869  7347.021   4.154   5.114    8.509   10.629  660  666  444  451 +3.277777e+01 +2.479339e-02 +9.337708e+02 0.00000 1 None   32    2
   54  1028.395   446.796  0.010  0.014    7.294  120.825  4377.216  7348.322   5.336   4.827   10.929   10.034 1024 1032  444  450 +4.058730e+01 +2.472590e-02 +1.187359e+03 0.00000 1 None   33    1
   55   810.409   450.284  0.004  0.010    8.038  120.706  4823.686  7341.071   4.199   4.883    8.600   10.151  807  813  447  453 +7.138645e+01 +2.504994e-02 +1.583815e+03 0.00000 1 None   34    1
   56   728.391   469.132  0.005  0.009    8.318  120.061  4991.671  7301.891   4.931   4.864   10.099   10.110  725  731  466  472 +6.141273e+01 +2.472723e-02 +1.481053e+03 0.00000 1 None   35    1
   57   994.498   477.981  0.011  0.012    7.409  119.759  4446.641  7283.497   5.151   4.838   10.551   10.057  990  998  475  481 +4.087585e+01 +2.484141e-02 +1.189912e+03 0.00000 1 None   36    1
   58   702.528   503.573  0.019  0.028    8.406  118.884  5044.643  7230.300   6.281   5.043   12.864   10.482  700  707  500  507 +3.297559e+01 +2.496705e-02 +1.255377e+03 0.00000 1 None   37    2
   59   706.078   503.577  0.004  0.026    8.394  118.884  5037.372  7230.291   4.261   5.200    8.727   10.810  703  709  500  507 +3.655192e+01 +2.474705e-02 +1.067179e+03 0.00000 1 None   37    2
   60   755.721   535.335  0.004  0.013    8.224  117.799  4935.695  7164.277   4.311   4.914    8.830   10.215  753  759  532  538 +5.647012e+01 +2.483854e-02 +1.299680e+03 0.00000 1 None   38    1
   61   496.424   548.740  0.009  0.025    9.109  117.340  5466.777  7136.412   4.033   4.989    8.261   10.370  494  499  546  552 +2.794040e+01 +2.510534e-02 +6.564621e+02 0.00000 1 None   39    2
   62   500.823   548.773  0.004  0.021    9.094  117.339  5457.767  7136.344   3.709   4.944    7.597   10.276  498  503  546  552 +2.965551e+01 +2.466452e-02 +6.735851e+02 0.00000 1 None   39    2
   63   728.662   563.406  0.004  0.017    8.317  116.839  4991.116  7105.926   3.810   5.004    7.803   10.401  726  732  560  567 +5.154989e+01 +2.514443e-02 +1.172099e+03 0.00000 1 None   40    1
   64  1137.574   565.810  0.008  0.013    6.921  116.757  4153.600  7100.930   4.888   4.979   10.011   10.349 1135 1141  562  570 +4.593544e+01 +2.482355e-02 +1.230641e+03 0.00000 1 None   41    1
   65   746.856   570.979  0.013  0.010    8.255  116.580  4953.853  7090.183   7.969   4.793   16.321    9.962  742  752  568  574 +4.515299e+01 +2.434132e-02 +1.483802e+03 0.00000 1 None   42    1
   66   603.434   589.460  0.007  0.025    8.744  115.949  5247.604  7051.768   4.225   5.071    8.653   10.542  600  606  586  593 +4.089702e+01 +2.532867e-02 +1.166131e+03 0.00000 1 None   43    2
   67   605.772   589.497  0.006  0.026    8.736  115.947  5242.815  7051.691   4.664   5.087    9.552   10.575  603  609  586  593 +4.053105e+01 +2.497369e-02 +1.189972e+03 0.00000 1 None   43    2
   68   685.386   591.615  0.011  0.027    8.464  115.875  5079.751  7047.289   5.163   5.185   10.575   10.777  681  689  588  595 +3.393426e+01 +2.490632e-02 +1.090623e+03 0.00000 1 None   44    1
   69  1001.862   598.994  0.004  0.019    7.384  115.623  4431.560  7031.949   3.607   5.109    7.389   10.620  999 1005  596  602 +2.737750e+01 +2.452798e-02 +6.739221e+02 0.00000 1 None   45    2
   70  1006.422   598.953  0.008  0.021    7.369  115.624  4422.219  7032.036   3.761   4.996    7.703   10.385 1003 1008  596  602 +2.574764e+01 +2.508375e-02 +6.051547e+02 0.00000 1 None   45    2
   71   845.021   601.739  0.001  0.006    7.920  115.529  4752.796  7026.244   3.265   4.856    6.687   10.093  843  847  599  605 +1.005882e+02 +2.465375e-02 +1.680099e+03 0.00000 1 None   46    1
   72  1153.066   601.750  0.001  0.007    6.868  115.529  4121.869  7026.222   3.227   4.834    6.609   10.048 1151 1155  599  605 +9.280853e+01 +2.467356e-02 +1.529590e+03 0.00000 1 None   47    1
   73  1022.255   606.897  0.004  0.012    7.315  115.353  4389.790  7015.522   4.030   5.021    8.254   10.437 1019 1025  603  611 +4.399928e+01 +2.464697e-02 +1.256436e+03 0.00000 1 None   48    2
   74  1024.559   606.897  0.007  0.014    7.307  115.353  4385.072  7015.522   4.334   4.986    8.876   10.365 1022 1027  603  611 +3.901241e+01 +2.494500e-02 +1.122184e+03 0.00000 1 None   48    2
   75  1223.903   617.030  0.003  0.013    6.627  115.006  3976.784  6994.459   3.923   4.890    8.034   10.164 1221 1227  614  620 +3.813845e+01 +2.446624e-02 +8.666059e+02 0.00000 1 None   49    1
   76  1336.583   617.044  0.005  0.010    6.242  115.006  3745.997  6994.429   3.985   4.813    8.162   10.005 1334 1340  614  620 +4.726479e+01 +2.498795e-02 +1.052287e+03 0.00000 1 None   50    1
   77   444.022   619.384  0.004  0.028    9.288  114.926  5574.104  6989.567   3.897   5.098    7.982   10.597  441  447  616  623 +3.076537e+01 +2.471361e-02 +8.540318e+02 0.00000 1 None   51    2
   78   447.985   619.367  0.003  0.025    9.275  114.927  5565.989  6989.602   3.675   5.020    7.527   10.436  445  451  616  623 +3.307524e+01 +2.471208e-02 +8.536083e+02 0.00000 1 None   51    2
   79   537.621   621.464  0.035  0.026    8.969  114.855  5382.398  6985.242   9.590   4.970   19.642   10.332  534  543  618  625 +3.626863e+01 +2.482053e-02 +1.373857e+03 0.00000 1 None   52    2
   80   539.702   621.478  0.009  0.027    8.962  114.854  5378.136  6985.213   5.197   5.020   10.645   10.434  536  543  618  625 +3.612236e+01 +2.497292e-02 +1.227289e+03 0.00000 1 None   52    2
   81   871.790   686.367  0.002  0.010    7.828  112.637  4697.968  6850.329   3.440   4.979    7.045   10.351  870  874  682  690 +7.868687e+01 +2.492559e-02 +1.478407e+03 0.00000 1 None   53    1
   82  1146.091   686.380  0.001  0.011    6.892  112.636  4136.155  6850.303   3.359   5.005    6.880   10.404 1144 1148  682  690 +7.848667e+01 +2.480722e-02 +1.459225e+03 0.00000 1 None   54    1
   83   936.877   692.167  0.001  0.008    7.606  112.438  4564.658  6838.273   3.341   4.940    6.843   10.269  935  939  689  695 +7.390964e+01 +2.461328e-02 +1.281542e+03 0.00000 1 None   55    1
   84  1128.070   692.180  0.001  0.008    6.954  112.438  4173.065  6838.248   3.430   4.910    7.025   10.205 1126 1130  689  695 +7.464836e+01 +2.457338e-02 +1.316038e+03 0.00000 1 None   56    1
   85   804.866   705.419  0.003  0.024    8.057  111.985  4835.039  6810.727   3.779   5.141    7.739   10.687  802  808  702  709 +3.907546e+01 +2.482731e-02 +1.065913e+03 0.00000 1 None   57    2
   86   809.126   705.417  0.003  0.022    8.042  111.985  4826.314  6810.732   3.635   5.142    7.444   10.689  806  812  702  709 +4.339737e+01 +2.483028e-02 +1.129793e+03 0.00000 1 None   57    2
   87  1074.837   720.824  0.001  0.007    7.135  111.459  4282.096  6778.705   3.451   4.839    7.069   10.058 1073 1077  718  724 +7.946182e+01 +2.465936e-02 +1.383064e+03 0.00000 1 None   58    1
   88  1184.864   720.829  0.001  0.007    6.760  111.459  4056.742  6778.694   3.413   4.846    6.991   10.074 1183 1187  718  724 +7.920432e+01 +2.463110e-02 +1.372268e+03 0.00000 1 None   59    1
   89  1007.134   725.793  0.004  0.020    7.366  111.289  4420.762  6768.375   3.724   5.071    7.626   10.541 1004 1010  722  729 +3.178081e+01 +2.458948e-02 +7.998478e+02 0.00000 1 None   60    2
   90  1011.952   725.807  0.003  0.021    7.350  111.289  4410.894  6768.347   3.416   5.112    6.996   10.627 1010 1014  723  729 +2.966318e+01 +2.455497e-02 +5.477629e+02 0.00000 1 None   60    2
   91   845.755   769.158  0.006  0.013    7.917  109.807  4751.291  6678.235   5.020   4.906   10.282   10.197  842  850  766  772 +4.292462e+01 +2.454577e-02 +1.414652e+03 0.00000 1 None   61    1
   92   698.415   777.402  0.006  0.016    8.420  109.525  5053.067  6661.098   4.650   4.918    9.525   10.223  695  701  774  781 +5.322916e+01 +2.510616e-02 +1.379427e+03 0.00000 1 None   62    1
   93   582.721   803.600  0.013  0.038    8.815  108.630  5290.026  6606.641   5.357   5.218   10.972   10.846  579  587  800  807 +2.487123e+01 +2.478031e-02 +9.832986e+02 0.00000 1 None   63    2
   94   587.080   803.597  0.009  0.039    8.800  108.630  5281.098  6606.646   4.921   5.239   10.079   10.890  583  590  800  807 +2.438157e+01 +2.467635e-02 +8.916239e+02 0.00000 1 None   63    2
   95   884.178   813.487  0.005  0.030    7.786  108.292  4672.594  6586.089   4.097   5.065    8.392   10.528  881  887  810  817 +3.414121e+01 +2.496489e-02 +9.425007e+02 0.00000 1 None   64    1
   96   903.472   840.842  0.007  0.010    7.720  107.357  4633.078  6529.226   4.922   4.810   10.082    9.998  900  906  838  844 +5.691961e+01 +2.488989e-02 +1.438911e+03 0.00000 1 None   65    1
   97  1116.127   956.373  0.003  0.024    6.994  103.408  4197.526  6289.074   3.673   5.057    7.524   10.513 1113 1119  953  960 +3.564163e+01 +2.477308e-02 +8.872217e+02 0.00000 1 None   66    2
   98  1120.839   956.363  0.003  0.025    6.978  103.408  4187.875  6289.095   3.425   5.190    7.015   10.789 1119 1123  953  960 +3.466586e+01 +2.482271e-02 +6.813743e+02 0.00000 1 None   66    2
